0.000000000000000000e+00 0.000000000000000000e+00
1.926353046868164998e-01 2.208576707929978955e-01
3.830998138596178881e-01 4.399787051747836575e-01
5.692806330946467153e-01 6.556727876063513927e-01
7.491791257672437698e-01 8.663410087879739319e-01
8.084714330354821898e-01 9.130286081529451758e-01
7.480303799836491851e-01 7.979263386679340542e-01
6.765060786338814580e-01 6.739574705445752212e-01
5.928389607509803039e-01 5.402743491947096244e-01
4.962933404329888942e-01 3.962884258967718232e-01
3.864770368787595611e-01 2.416859560098436333e-01
2.633518349291794625e-01 7.643636740663495299e-02
1.272345043706289980e-01 -9.920692408375020310e-02
-2.121164918695095380e-02 -2.847132739733588824e-01
-6.601419917538314808e-02 -3.183165746152466502e-01
-1.334108055655625069e-02 -2.094286526766404588e-01
3.085227500100873321e-02 -1.073245411870435984e-01
6.835442726991082518e-02 -1.057339232837728460e-02
1.011324088282481715e-01 8.239841996183724926e-02
1.312792588876044442e-01 1.732653270528667910e-01
1.609581961773569325e-01 2.637579039282135773e-01
1.923449199481153671e-01 3.556167099883650318e-01
2.275695780853157213e-01 4.505458635416698110e-01
1.511921847170078492e-01 3.857127165989271966e-01
-2.247849444965743793e-02 1.800267462220501713e-01
-1.867471779937184828e-01 -1.813762765674353794e-02
-3.401996862502764674e-01 -2.076490613055347600e-01
-4.817103367148155568e-01 -3.876070087207105219e-01
-6.104719690934103937e-01 -5.573657416671309317e-01
-7.260174744890203202e-01 -7.165515730271636574e-01
-8.282322544812279475e-01 -8.650728240644742773e-01
-9.173572777814832380e-01 -1.003122269748223383e+00
-8.740273992829663552e-01 -9.632346418020744094e-01
-7.165785447024819454e-01 -7.705261310941423636e-01
-5.487858265923903911e-01 -5.695425295625242690e-01
-3.721574203173987350e-01 -3.614903774989860485e-01
-1.884371733608548038e-01 -1.477647528902064356e-01
4.419078865958991909e-04 7.008793915129862828e-02
1.924092167269688958e-01 2.904112132671415325e-01
3.853117749337583442e-01 5.114826868761179757e-01
5.769716586061049979e-01 7.315600208575401275e-01
6.428013475758852513e-01 7.775075539867901675e-01
6.031338096709492058e-01 6.790240966192968575e-01
5.561151174354070914e-01 5.746597157873182260e-01
5.000320706010187299e-01 4.630438512762633518e-01
4.334132401812532120e-01 3.429993598969061641e-01
3.550682155316485789e-01 2.135739131336779062e-01
2.641193558776324668e-01 7.406539836691988787e-02
1.600251994092019014e-01 -7.595935385136914908e-02
4.259490555745820695e-02 -2.366530159763092223e-01
3.692357522003220094e-02 -2.329813693004367803e-01
1.161650234161474837e-01 -1.028387836999999916e-01
1.836051206746000530e-01 1.786272115030723695e-02
2.404123721931860636e-01 1.300579494087198418e-01
2.880388904265431815e-01 2.349085910389507037e-01
3.281816632508477438e-01 3.337722363419388660e-01
3.627372906271557063e-01 4.281661652865297318e-01
3.937513970611130620e-01 5.197268774772407784e-01
4.233640691679448897e-01 6.101664422062507143e-01
3.263350555253899943e-01 5.228420274471555773e-01
1.371584700893606346e-01 3.047513320547875493e-01
-4.700677318924695314e-02 9.066971038835691665e-02
-2.242157986432770367e-01 -1.178469370184123122e-01
-3.927092720780441248e-01 -3.193911428097704897e-01
-5.509603270558998123e-01 -5.127414138356002349e-01
-6.977152906259558307e-01 -6.968948117351895233e-01
-8.320271222317288107e-01 -8.710937040633524031e-01
-9.532806738889745279e-01 -1.034845972432694161e+00
-9.313038915622166014e-01 -1.006070849826997016e+00
-8.034976678349463608e-01 -8.370764438016364828e-01
-6.628965120583357740e-01 -6.578460921368027847e-01
-5.102833258001103767e-01 -4.690061160866779710e-01
-3.467614045373254572e-01 -2.714391520329055285e-01
-1.737250097297954043e-01 -6.626060914333767315e-02
7.177819969975268721e-03 1.452110816600240828e-01
1.940892264429376624e-01 3.614896338819385546e-01
3.849910862922673038e-01 5.809605488049467414e-01
4.453661452696449641e-01 6.165744063433207245e-01
4.153273738996568487e-01 5.257939622037858252e-01
3.828140663635462571e-01 4.330338891313521010e-01
3.457261238651916369e-01 3.366141080891239534e-01
3.020854657120343179e-01 2.349521545230535691e-01
2.500887901707065653e-01 1.266053870464462217e-01
1.881556734868477243e-01 1.030946665581461419e-02
1.149707241358525756e-01 -1.149879198685259674e-01
2.951866793471868977e-02 -2.500989918729782935e-01
6.599161084233529095e-02 -2.067419550041169063e-01
1.767847514279430876e-01 -5.135801549208618422e-02
2.742923424175364167e-01 9.339748434313233094e-02
3.588809062071687817e-01 2.278177624183834460e-01
4.312615512006972573e-01 3.524717054567507168e-01
4.924710045917381485e-01 4.681886952131286139e-01
5.438439599963873494e-01 5.760364865803917489e-01
5.869774775015007551e-01 6.772927276280283904e-01
6.236883856771429091e-01 7.734108812120866761e-01
5.185971509495848064e-01 6.736667179880339029e-01
3.260474416018505628e-01 4.528775234663020566e-01
1.333381894206042417e-01 2.319606946777605094e-01
-5.735783769696395362e-02 1.265444594016008895e-02
-2.439215701063843222e-01 -2.033459670309207268e-01
-4.243441578348814969e-01 -4.144334642572629623e-01
-5.967805521383846568e-01 -6.191320067436100194e-01
-7.595987180289911489e-01 -8.161359664996397090e-01
-9.114231651393583933e-01 -1.004344951231478156e+00
-9.113164768614148148e-01 -9.870959322678776182e-01
-8.157307228892103357e-01 -8.438779020465708713e-01
-7.068910513151547281e-01 -6.900567377437819561e-01
-5.847331975175934504e-01 -5.255810276621883936e-01
-4.495481294456061261e-01 -3.506835461610526838e-01
-3.019742867030916766e-01 -1.658750449234965563e-01
-1.429805516075684513e-01 2.806937019646649212e-02
2.615959356752922682e-02 2.301309133800891749e-01
2.039020338696345691e-01 4.390742926653179445e-01
2.461305603220921845e-01 4.542009525868004882e-01
2.130766741141236209e-01 3.610084165768810971e-01
1.828101381755279642e-01 2.700457607824600648e-01
1.531709261286921531e-01 1.795849641014469755e-01
1.219822791414576363e-01 8.788461946811483572e-02
8.710876607547804462e-02 -6.763618028213319588e-03
4.651324131125042505e-02 -1.059894648831412600e-01
-1.688818972089167758e-03 -2.113005401533560867e-01
-5.917905136039564029e-02 -3.240421531075458050e-01
1.743878397645814982e-02 -2.425992306983425495e-01
1.598545981462767274e-01 -6.191715231894179272e-02
2.895691328084466498e-01 1.086039024543386522e-01
4.060898625396953676e-01 2.685699132828821556e-01
5.092761770028167989e-01 4.178683918969238187e-01
5.993431314113153441e-01 5.566713824672671063e-01
6.768557104150474402e-01 6.854308727137986557e-01
7.427137584047951435e-01 8.048667381491412254e-01
7.981279781860599609e-01 9.159475410176975974e-01
6.972700147326061915e-01 8.136200232159737089e-01
5.140051360368954603e-01 6.002586932158605615e-01
3.254346692392146578e-01 3.826528927341714126e-01
1.336209894408815213e-01 1.624525218519590475e-01
-5.928702284091907915e-02 -5.862331501702593151e-02
-2.511112982301427765e-01 -2.788321623719494102e-01
-4.397026735960468669e-01 -4.964546897082171562e-01
-6.229982161482525704e-01 -7.098405507935262593e-01
-7.990762475313434310e-01 -9.174524029435446870e-01
-8.164024886386898050e-01 -9.081797558912201307e-01
-7.505985376672896781e-01 -7.887871680705555999e-01
-6.731452274041951345e-01 -6.600750928165353137e-01
-5.831411325982041038e-01 -5.213223899281981266e-01
-4.800195919608785111e-01 -3.720757303747931344e-01
-3.635638225825277847e-01 -2.121616878285694230e-01
-2.339127021289755248e-01 -4.169136442218307481e-02
-9.155706459203971637e-02 1.389425726509113668e-01
6.267339160377577434e-02 3.290763646511083440e-01
7.533963413991379143e-02 3.145832258425816375e-01
2.709618437529637269e-02 2.092390389873432510e-01
-1.353199996104512137e-02 1.099870644747255599e-01
-4.842857156931591744e-02 1.532038014456441055e-02
-7.963006103424034865e-02 -7.639023847092098196e-02
-1.092715569499385364e-01 -1.668528622470240586e-01
-1.395297572315037649e-01 -2.578088495158207261e-01
-1.725649105914610904e-01 -3.509863992473311045e-01
-2.104631967617215937e-01 -4.480544552270839809e-01
-1.004009943720609033e-01 -3.338860675786790022e-01
6.878504167510035572e-02 -1.317878116974054992e-01
2.278315702132352460e-01 6.219883817664689785e-02
3.754637008225105155e-01 2.470539697076116759e-01
5.107109964875942154e-01 4.220012332832231428e-01
6.329333578234376256e-01 5.865285493954424112e-01
7.418380962873940554e-01 7.404017672101532721e-01
8.374877409881016366e-01 8.836709100142638995e-01
9.202983708620948722e-01 1.016668840957003050e+00
8.337609405710979527e-01 9.198277780882896382e-01
6.709932627829046092e-01 7.228642088141904454e-01
4.985999952209370645e-01 5.182001677210705815e-01
3.182120225642263156e-01 3.071403625521574865e-01
1.316734702776180543e-01 9.116009367932635665e-02
-5.900748328928456798e-02 -1.281340962177402454e-01
-2.517121705450880986e-01 -3.490472730659275880e-01
-4.442679453517276444e-01 -5.698413199547837094e-01
-6.345061334759578564e-01 -7.887812974977137515e-01
-6.605648128013683618e-01 -7.805246294228883608e-01
-6.174671760705543466e-01 -6.792970929946912095e-01
-5.661384635217751038e-01 -5.714846959121233638e-01
-5.049804349894586597e-01 -4.558088460427257016e-01
-4.326570252150049867e-01 -3.312006911796182562e-01
-3.481299803839987828e-01 -1.968296282712687917e-01
-2.506865512126549289e-01 -5.212545789064781943e-02
-1.399585039326649571e-01 1.032064069768886538e-01
-1.593194209914633452e-02 2.691770834872467821e-01
-4.119022971029356883e-02 2.183743489639383695e-01
-1.144327811181083954e-01 9.303088079414062461e-02
-1.764177964182919167e-01 -2.330655848954926723e-02
-2.284592828565361056e-01 -1.316891746836905408e-01
-2.721364689572585704e-01 -2.333803506078116485e-01
-3.092516821529473492e-01 -3.298219482079085552e-01
-3.417822757516150722e-01 -4.225958501303885284e-01
-3.718278874825203251e-01 -5.133817665586559720e-01
-4.015544363798687622e-01 -6.039124327200805498e-01
-2.684063111330423634e-01 -4.653053351889880340e-01
-8.147044444215764680e-02 -2.490072147927344937e-01
9.946633835810919644e-02 -3.750836150897515764e-02
2.725452735260829873e-01 1.677042136689470553e-01
4.361171877407827857e-01 3.653111720842527887e-01
5.887864860927779498e-01 5.541960378093919726e-01
7.294483764410660820e-01 7.334749771315683953e-01
8.573183372597494856e-01 9.025203728300582595e-01
9.719530429861255039e-01 1.060977564454705036e+00
9.060446599393878753e-01 9.746697677844428087e-01
7.717952800314599182e-01 8.005208368145573239e-01
6.250989468390542037e-01 6.164143432170868797e-01
4.669011370851487430e-01 4.231066683704193809e-01
2.984541035239678397e-01 2.215996144779287524e-01
1.212834739139395934e-01 1.311368374636029399e-02
-6.285244167306774932e-02 -2.009444757667860348e-01
-2.520095498201577744e-01 -4.190195893280038719e-01
-4.441098280868087667e-01 -6.394492389848704939e-01
-4.672917346265708094e-01 -6.229211810845728392e-01
-4.362897063329533864e-01 -5.313701314061329839e-01
-4.017564076192221556e-01 -4.369940653916049578e-01
-3.616456184128465923e-01 -3.381560069829586124e-01
-3.140598856616704793e-01 -2.333379937384718605e-01
-2.573011336284652950e-01 -1.211815650683645829e-01
-1.899159562438480497e-01 -5.239961171248919136e-04
-1.107343834458577314e-01 1.295706891648105152e-01
-1.890108750116281655e-02 2.697867529641121975e-01
-8.609070207437341526e-02 1.794689852741956360e-01
-1.902497049308751742e-01 2.939235594545119845e-02
-2.812616219876196144e-01 -1.101666047434902707e-01
-3.596662331401435653e-01 -2.396397207090525949e-01
-4.263395898270149198e-01 -3.597278331020955511e-01
-4.824706483270956303e-01 -4.713821069457059254e-01
-5.295295570236617788e-01 -5.757786609465019856e-01
-5.692284435012741062e-01 -6.742871971721376978e-01
-6.034757473913918702e-01 -7.684344673277752058e-01
-4.596453237453175245e-01 -6.153115594803294508e-01
-2.667435442625442632e-01 -3.942407088505676671e-01
-7.476640892814190309e-02 -1.739095735394999287e-01
1.141328419317414883e-01 4.395925419195262362e-02
2.978830636400465748e-01 2.577088586021398786e-01
4.745504502970194771e-01 4.657921949712640064e-01
6.423901147052464289e-01 6.668133535413887092e-01
7.998926293130608212e-01 8.595647922711859845e-01
9.458242868011828008e-01 1.043059545305229374e+00
9.020925249964004689e-01 9.685230740315768916e-01
7.999424369974081905e-01 8.200535765888398165e-01
6.844619372687923420e-01 6.609197497624013096e-01
5.557638903509477535e-01 4.912118851845825307e-01
4.143137091416850826e-01 3.113023131736264992e-01
2.609169410534933342e-01 1.218354716595299592e-01
9.669778184719496350e-02 -7.628928274905460993e-02
-7.693090976268335268e-02 -2.819416630805031687e-01
-2.583052969379455721e-01 -4.937905998642558858e-01
-2.658999742029692914e-01 -4.588227869472129017e-01
-2.344996454551696030e-01 -3.669530969054299874e-01
-2.048176462154188693e-01 -2.764580704700834723e-01
-1.746783589037442241e-01 -1.855972135771979392e-01
-1.419183630714800359e-01 -9.263978986784343617e-02
-1.044441397782241432e-01 4.089015810307156107e-03
-6.028791150325085724e-02 1.061634254738288985e-01
-7.660128187147008383e-03 2.150150791702578612e-01
5.500280054332007396e-02 3.318948491981773552e-01
-5.314565766934337132e-02 2.028400349997436791e-01
-1.893249828103572008e-01 2.714714784338678744e-02
-3.125145833449185506e-01 -1.381539596278054116e-01
-4.223959717991729867e-01 -2.928084974347548997e-01
-5.190056273388301555e-01 -4.368456489100237539e-01
-6.027340227694648611e-01 -5.705777922980773686e-01
-6.743152095521993683e-01 -6.945921687678109357e-01
-7.348072386311852444e-01 -8.097352190745426004e-01
-7.855639393032431972e-01 -9.170900066557349239e-01
-6.435688629130207339e-01 -7.594654050160158931e-01
-4.574139401019573503e-01 -5.437920397236194470e-01
-2.669652609591674497e-01 -3.246836693658416428e-01
-7.433529767794584686e-02 -1.038302716973211887e-01
1.183052966976875786e-01 1.170316308467314326e-01
3.087855855631511659e-01 3.361652889826454160e-01
4.949922536068683820e-01 5.518800504611650615e-01
6.749259747453134617e-01 7.625764544154669533e-01
8.467547396517002278e-01 9.667888933841195520e-01
8.217452863690977161e-01 9.012602973312558996e-01
7.502778452092679906e-01 7.773369173598488890e-01
6.666719873472022329e-01 6.437028040266504769e-01
5.701903929076083122e-01 4.997681014314294679e-01
4.604391733429707978e-01 3.452176987361763039e-01
3.373783775250581707e-01 1.800196350383003185e-01
2.013230573514855903e-01 4.425951855899112886e-03
5.293486444457057294e-02 -1.810340295131787625e-01
-1.067955979182304005e-01 -3.755678264469626826e-01
-8.697027463723500107e-02 -3.126940414961466019e-01
-4.273974918664463774e-02 -2.105601940921284776e-01
-5.209621079743986805e-03 -1.137866645630648266e-01
2.758639606898677377e-02 -2.080042380053433171e-02
5.774086041228962407e-02 7.007257471765107604e-02
8.741678758564978835e-02 1.605627434998823655e-01
1.187899571277548083e-01 2.524107061771094784e-01
1.539908784526271279e-01 3.473208702805532511e-01
1.950479643004828789e-01 4.469159660023810376e-01
5.174101693991706163e-02 2.837643888886759447e-01
-1.125771572506595875e-01 8.556042249266876398e-02
-2.660853788574505385e-01 -1.039955818363071938e-01
-4.076564793475800919e-01 -2.840018892719566868e-01
-5.364816860585732705e-01 -4.538114816842943045e-01
-6.520921943910015228e-01 -6.130493153937828232e-01
-7.543716721172349926e-01 -7.616223246183153606e-01
-8.435593622821074833e-01 -8.997219037937566055e-01
-9.202437019325411249e-01 -1.027818802557649347e+00
-7.907667282687371735e-01 -8.742387115021130750e-01
-6.230209923873704092e-01 -6.732926957534738355e-01
-4.464316080395788200e-01 -4.652717612316973339e-01
-2.627413818865141915e-01 -2.515701532656997585e-01
-7.388251958138164488e-02 -3.373363637804790982e-02
1.180749114726615534e-01 1.865817355087298068e-01
3.109781965168628703e-01 4.076537905876367329e-01
5.026493922636010581e-01 6.277401742285704245e-01
6.909434186374745490e-01 8.451248223712150009e-01
6.767378871852017808e-01 7.822693921856629373e-01
6.297593705956066046e-01 6.779371518704437882e-01
5.737243003717544809e-01 5.663596686478161724e-01
5.071599678588926130e-01 4.463587755939835700e-01
4.288745088033969477e-01 3.169809813060411874e-01
3.379886936523859853e-01 1.775229021416864783e-01
2.339593790254674288e-01 2.755002339660850286e-02
1.165939948433828977e-01 -1.330917109926049724e-01
-1.394431929801037695e-02 -3.042717893492630221e-01
4.241380943445299812e-02 -2.062017884403201107e-01
1.099088544050742522e-01 -8.545632542027731260e-02
1.667646400039951571e-01 2.677773010240258600e-02
2.144319841483703915e-01 1.316610324614486405e-01
2.546067857749777508e-01 2.305503008062776416e-01
2.891847905485809278e-01 3.249621316687060779e-01
3.202110261080473030e-01 4.165325471598222418e-01
3.498252555514587692e-01 5.069733577580973760e-01
3.802049040657556889e-01 5.980265036130810730e-01
2.114646178952755695e-01 4.085582838544838946e-01
2.727009325955781494e-02 1.944532371023639239e-01
-1.499772861242998356e-01 -1.409409344826537125e-02
-3.185171630567715795e-01 -2.156754220377885833e-01
-4.768214333912176861e-01 -4.090682653488912912e-01
-6.236350047767429405e-01 -5.932685495008547250e-01
-7.580092734251472342e-01 -7.675173914631239214e-01
-8.793274259844268137e-01 -9.313213405540907708e-01
-9.873208916483398045e-01 -1.084465540128767058e+00
-8.775466544038712513e-01 -9.406776666117387942e-01
-7.370062518506950155e-01 -7.614959175256548196e-01
-5.844492039710218467e-01 -5.727008521783703010e-01
-4.209773088768715144e-01 -3.751739090595068715e-01
-2.479834936924601441e-01 -1.700294298684319194e-01
-6.711466135457902493e-02 4.141506304541608952e-02
1.197722368209316879e-01 2.576740086293705656e-01
3.106597311409815543e-01 4.771334311289562313e-01
5.034236450039013544e-01 6.980939892628348353e-01
4.888724130946400237e-01 6.289920271147347863e-01
4.563763415885809804e-01 5.362457428663445214e-01
4.193156226619962346e-01 4.398477406815307633e-01
3.757114494947572658e-01 3.382149751041937935e-01
3.237595471985186268e-01 2.299040262236596854e-01
2.618782977932574974e-01 1.136495996559103994e-01
1.887509263113059665e-01 -1.160172457319674777e-02
1.033606228094504642e-01 -1.466633944182270111e-01
5.017663488298518271e-03 -2.920871889186918979e-01
1.028826351298614550e-01 -1.548417420855173199e-01
2.004543966696929469e-01 -1.003490581010901828e-02
2.851044963593146742e-01 1.244346009851342583e-01
3.575424012707851262e-01 2.491343519578564925e-01
4.188033113181289790e-01 3.648925070392746717e-01
4.702205476268250250e-01 4.727757231297774476e-01
5.133899891901447798e-01 5.740607034239763040e-01
5.501275063846728930e-01 6.702001442231447781e-01
5.824205267101661976e-01 7.627839875270848724e-01
4.003827088576856208e-01 5.567077708259360325e-01
2.076689435147623386e-01 3.357873315080515120e-01
1.695789333099453899e-02 1.164690643174914053e-01
-1.696309713426230603e-01 -9.955145446494310935e-02
-3.500881301866852757e-01 -3.106666085837387348e-01
-5.225676123503210091e-01 -5.153996213581931718e-01
-6.854362335738226619e-01 -7.124439453805403444e-01
-8.373171577072699989e-01 -9.006981117308441309e-01
-9.771266207196044329e-01 -1.079295109184252421e+00
-8.896230337312579506e-01 -9.473537842751749150e-01
-7.808484275160658683e-01 -7.935846722594752656e-01
-6.587550881887705989e-01 -6.291605737540932886e-01
-5.236322629199925416e-01 -4.543128864955249258e-01
-3.761167311267840097e-01 -2.695510340174176456e-01
-2.171758198131596707e-01 -7.564887792297234070e-02
-4.808160229693581034e-02 1.263759231335526145e-01
1.296230314863733857e-01 3.352890572037457995e-01
3.141655281040600656e-01 5.496724815414409937e-01
2.866236574022523742e-01 4.642080367623513948e-01
2.563487343464083135e-01 3.732386712741302404e-01
2.267117543095867882e-01 2.827796602011271587e-01
1.955358989257813263e-01 1.910895488505369166e-01
1.606853958693718054e-01 9.645971936186345519e-02
1.201224857805958668e-01 -2.740035752697711491e-03
7.196177491541549953e-02 -1.080180314883878445e-01
1.452052378521795362e-02 -2.207204594360917538e-01
-5.363646955026402097e-02 -3.419954811480253598e-01
8.579619156979906291e-02 -1.655259111350857459e-01
2.155741287067114431e-01 5.045865617984590656e-03
3.321598154409745041e-01 1.650638420489409508e-01
4.354109088533443250e-01 3.144141438223826412e-01
5.255407363244795071e-01 4.532674328428366040e-01
6.031126055066244884e-01 5.820743552320930547e-01
6.690247793583614655e-01 7.015535213570285311e-01
7.244865169994902931e-01 8.126723385134773103e-01
7.709858194425287525e-01 9.166212075114529290e-01
5.883074720780340217e-01 7.040625956037332989e-01
3.997579629823627134e-01 4.864735612836557088e-01
2.079549299696021314e-01 2.662817078299014040e-01
1.504696957786740008e-02 4.520591247296775611e-02
-1.767878502008440600e-01 -1.750113703935472498e-01
-3.654000849879027735e-01 -3.926505852667401264e-01
-5.487262456147581346e-01 -6.060609408117647590e-01
-7.248438370576979484e-01 -8.137044410096626601e-01
-8.900909702176423854e-01 -1.011492574709345948e+00
-8.243410873865695265e-01 -8.921432414009426992e-01
-7.469470243886591199e-01 -7.634785639590683237e-01
-6.570057756851107600e-01 -6.247761379526892700e-01
-5.539490037089676022e-01 -4.755812933282288490e-01
-4.375581979921127074e-01 -3.157192217111991495e-01
-3.079705034407458353e-01 -1.452996390265598181e-01
-1.656750623033295122e-01 3.528614092691911841e-02
-1.149996740074515911e-02 2.253756438925270111e-01
1.489906707697387644e-01 4.178660887014088443e-01
1.007057914870351789e-01 3.124887582317015244e-01
6.004490270265552820e-02 2.132106201606519535e-01
2.512522403402503435e-02 1.185254501822016748e-01
-6.089158774686062592e-03 2.680451689168695389e-02
-3.573299041663446918e-02 -6.365997546541220242e-02
-6.598290650668396651e-02 -1.546093353809976645e-01
-9.899937671953251694e-02 -2.477719385948223552e-01
-1.368690791180411370e-01 -3.448171275571750849e-01
-1.746425999230528103e-01 -4.376413855744367143e-01
-5.410709819808734444e-03 -2.355064464483013764e-01
1.536885817881014082e-01 -4.147758611842733423e-02
3.013789771445631316e-01 1.434241572102878670e-01
4.366884851530973277e-01 3.184211906606611020e-01
5.589753470542473401e-01 4.830001072251269845e-01
6.679451538977791980e-01 6.369253797434928366e-01
7.636586992396061646e-01 7.802456430605004822e-01
8.465303576103013761e-01 9.132923968006023685e-01
9.079229010568516944e-01 1.023519380031857828e+00
7.452057441085059297e-01 8.265962274296345669e-01
5.728556421420925027e-01 6.219667188129636148e-01
3.925023284913938815e-01 4.109346408488587787e-01
2.059890041701984420e-01 1.949745543483565324e-01
1.532317462884747600e-02 -2.430753632827010319e-02
-1.773768959406509249e-01 -2.452170198274146729e-01
-3.699386845399497137e-01 -4.660158777503941030e-01
-5.601933565314174412e-01 -6.849690423871142020e-01
-7.341519953117652264e-01 -8.837564089861694727e-01
-6.910901960485402729e-01 -7.825575425320432377e-01
-6.398056882793443645e-01 -6.747805092731405940e-01
-5.786990527754960478e-01 -5.591457738265214195e-01
-5.064328534848767660e-01 -4.345833873504801881e-01
-4.219673106320380174e-01 -3.002615260246632722e-01
-3.245880345061883387e-01 -1.556086780804377123e-01
-2.139250802007469088e-01 -3.288875925387402255e-04
-8.996281506207620682e-02 1.655903515619382427e-01
3.259055706464691893e-02 3.217610119388548684e-01
-4.070962055115590061e-02 1.963714428026671066e-01
-1.027465657724244141e-01 7.999245958210648988e-02
-1.548329007309384164e-01 -2.842603542825056229e-02
-1.985466577176532021e-01 -1.301464680611628122e-01
-2.356891887189089818e-01 -2.266099199057132751e-01
-2.682371184016535959e-01 -3.193976906954548722e-01
-2.982896220940814414e-01 -4.101891206929429434e-01
-3.280124350028020830e-01 -5.007167980634599225e-01
-3.427234906495340017e-01 -5.691211123571460195e-01
-1.557632118358059092e-01 -3.528034622626175509e-01
2.520747978198811801e-02 -1.412774819248364677e-01
1.983289160206995472e-01 6.396909410967849263e-02
3.619507899388103578e-01 2.616160202877075847e-01
5.146761740641454530e-01 4.505457546315214667e-01
6.553987802937620843e-01 6.298732666587606444e-01
7.833324676421301591e-01 7.989696435810009767e-01
8.980322107846197000e-01 9.574788651385385263e-01
9.800618864967763910e-01 1.078245582585320994e+00
8.458749729022136954e-01 9.041466246661247208e-01
6.992372926123890942e-01 7.200870533907193227e-01
5.410927579159475753e-01 5.268219985900202129e-01
3.726922005747311251e-01 3.253521256735011913e-01
1.955600086984860264e-01 1.168969451289646883e-01
1.145346711891545577e-02 -9.713771517823766022e-02
-1.776841142326711087e-01 -3.151972073030527288e-01
-3.697752337491249652e-01 -5.356195299597563686e-01
-5.408320390563047253e-01 -7.261154581833243471e-01
-5.098420379101822331e-01 -6.345740302228806140e-01
-4.753310191101246529e-01 -5.402157881392941619e-01
-4.352521683169823241e-01 -4.414032804612343930e-01
-3.877071805932271742e-01 -3.366178632386844782e-01
-3.309968934196226287e-01 -2.245002064562549582e-01
-2.636666080356137032e-01 -1.038865511055019342e-01
-1.845448902585237194e-01 2.616025015971051859e-02
-9.277481585688729382e-02 1.663257367245654095e-01
-1.215588701955983009e-02 2.829788708730137659e-01
-1.163797407694962538e-01 1.328503608295188432e-01
-2.074547280886226419e-01 -6.759056069328139849e-03
-2.859189466150108272e-01 -1.362798579339790928e-01
-3.526468578945367582e-01 -2.564116140011457601e-01
-4.088259630849487292e-01 -3.681043251970211871e-01
-4.559251290320710526e-01 -4.725330849982649073e-01
-4.956554095487979428e-01 -5.710667364551922365e-01
-5.299244069011738167e-01 -6.652313613806333237e-01
-5.339788426993905546e-01 -7.191404081985548480e-01
-3.410778938267338134e-01 -4.980702220568838934e-01
-1.490909832968475568e-01 -2.777312665894290378e-01
3.982838783275974293e-02 -5.984634264219729216e-02
2.236085382220609208e-01 1.539272047127840937e-01
4.003148636910268676e-01 3.620416921315026682e-01
5.682014384369685756e-01 5.631003789718019847e-01
7.257575836804139868e-01 7.558947222101040087e-01
8.717481616254473265e-01 9.394366116096767305e-01
9.759524837113380258e-01 1.071973074558493888e+00
8.738670819236358245e-01 9.235553260847864099e-01
7.584515905508870670e-01 7.644735059430416424e-01
6.298171401817276305e-01 5.948165186041681762e-01
4.884274474190097859e-01 4.149553373504480391e-01
3.350864462818927136e-01 2.255331093972139378e-01
1.709168450731373690e-01 2.744800138666381173e-02
-2.669819340900048132e-03 -1.781707571881119279e-01
-1.840108311029946542e-01 -3.899929936413335518e-01
-3.394551201348429692e-01 -5.620289372476737766e-01
-3.080411356702570380e-01 -4.701483226324644216e-01
-2.783560226488534517e-01 -3.796508051717956689e-01
-2.482242465437891343e-01 -2.887959572441983758e-01
-2.154821865618547494e-01 -1.958528822151158755e-01
-1.780358453641514849e-01 -9.914638221340196789e-02
-1.339167017377250468e-01 2.898359731279609441e-03
-8.133421647355554285e-02 1.117137749861665252e-01
-1.872359097469983302e-02 2.285517024287914700e-01
2.094348265569567769e-02 3.064733808147368510e-01
-1.152978212258510271e-01 1.307309106659643172e-01
-2.385518127578028502e-01 -3.462170960314842061e-02
-3.484982869811469319e-01 -1.893283160253640685e-01
-4.451719870450646654e-01 -3.334167031200495623e-01
-5.289616775113719083e-01 -4.671978825366303600e-01
-6.005997749339584413e-01 -5.912577875182509768e-01
-6.611428122935696372e-01 -7.064416444494803216e-01
-7.119432583558138461e-01 -8.138314283428269569e-01
-7.178569428386418760e-01 -8.632579025114854865e-01
-5.317279640503490556e-01 -6.476052924372946995e-01
-3.412951652648926748e-01 -4.285096263653944137e-01
-1.486705951026177919e-01 -2.076605431920232614e-01
4.397523724167722720e-02 1.320554972695318213e-02
2.344712554524516213e-01 2.323517913391240364e-01
4.207037246731223368e-01 4.480871937591955900e-01
6.006726306318548314e-01 6.588117455697328761e-01
7.725450255258128340e-01 8.630590885284397107e-01
8.954599288494977660e-01 1.004594044870540381e+00
8.240493226004546035e-01 8.807161328277708368e-01
7.405047071933898994e-01 7.471310134585624763e-01
6.440871292482590604e-01 6.032475240589226795e-01
5.344009927214070643e-01 4.487491877938898366e-01
4.114046105409347454e-01 2.836026550059715379e-01
2.754113165154326026e-01 1.080585927420185666e-01
1.270811078592218313e-01 -7.735500122648508725e-02
-3.259695874985291120e-02 -2.718468815572962494e-01
-1.605996709342137341e-01 -4.159595920886995368e-01
-1.163319330037786981e-01 -3.137959747008002287e-01
-7.877378221430922367e-02 -2.170000270256896291e-01
-4.595967962231752024e-02 -1.239993179085395747e-01
-1.579754946363587376e-02 -3.312018673805926239e-02
1.387541942884903956e-02 5.736761541947996146e-02
4.523508549931029576e-02 1.492047753193894155e-01
8.041231833652051630e-02 2.440959886327088157e-01
1.214361625178410065e-01 3.436644910213002557e-01
1.259607521418147358e-01 3.875022106051561055e-01
-3.840687897255934402e-02 1.892586786701161983e-01
-1.919707870760763990e-01 -3.418748562487583520e-04
-3.336023183236655476e-01 -1.803965268978550696e-01
-4.624910881983285704e-01 -3.502569698411367449e-01
-5.781665966960783942e-01 -5.095468036828770808e-01
-6.805107778560415266e-01 -6.581715756543988771e-01
-7.697611489043765243e-01 -7.963212995366018010e-01
-8.465044750163961407e-01 -9.244653874697742468e-01
-8.649546652442170469e-01 -9.779510946374643243e-01
-6.972559474923045730e-01 -7.770426933923828550e-01
-5.207056265921404803e-01 -5.690530096287111927e-01
-3.370454672751811431e-01 -3.553754551315924659e-01
-1.482068732294358482e-01 -1.375551528514611932e-01
4.374062875228514752e-02 8.275227577746686880e-02
2.366445887468097420e-01 3.038248708166270129e-01
4.283270454638347102e-01 5.239202632337982557e-01
6.166426184667863630e-01 7.413221486796945925e-01
7.503417897777941992e-01 8.855145478146959626e-01
7.034034079935411743e-01 7.812144153437586835e-01
6.474162792945858946e-01 6.696752853410430362e-01
5.809064162937920273e-01 5.497179678968675542e-01
5.026805018857556373e-01 4.203878093268980098e-01
4.118577182979660245e-01 2.809801554131204915e-01
3.078932409247869262e-01 1.310591464710313958e-01
1.905927702989822503e-01 -2.953065707315821742e-02
6.011771459321646471e-02 -2.006601286813167739e-01
-3.133768581912316220e-02 -3.095650181981509652e-01
3.621233466707957094e-02 -1.887755747656429950e-01
9.311668891045660201e-02 -7.650266432739549760e-02
1.408248993687450379e-01 2.841333108278110142e-02
1.810317749616834615e-01 1.273282586006777017e-01
2.156322058530674990e-01 2.217580303573253586e-01
2.466706215155146931e-01 3.133381899308289587e-01
2.762864601702236800e-01 4.037802878981419652e-01
3.066571040820451621e-01 4.948262300711451234e-01
2.857708848560657211e-01 5.123653309780806797e-01
1.015471252163503979e-01 2.982368962227679443e-01
-7.573856615880159016e-02 8.965891607910048133e-02
-2.443248101836034969e-01 -1.119595061842869055e-01
-4.026822659734680676e-01 -3.053948978597244013e-01
-5.495544225750452760e-01 -4.896420501845320516e-01
-6.839911135711822521e-01 -6.639408300249820538e-01
-8.053738606341054318e-01 -8.277964547188665367e-01
-9.134323700443818250e-01 -9.809926892906334350e-01
-9.515953360765139202e-01 -1.044278645504820080e+00
-8.111157053599228339e-01 -8.651455138880068674e-01
-6.586148221079125564e-01 -6.763953802428528395e-01
-4.951929863673212306e-01 -4.789084846068338841e-01
-3.222417900416543746e-01 -2.737981005027545489e-01
-1.414069993054499763e-01 -6.238084087024514668e-02
4.545534250863703107e-02 1.538584596245648750e-01
2.363284206932725617e-01 3.733063492158191776e-01
4.290884431647871700e-01 5.942637942365766035e-01
5.624173935854609452e-01 7.321900450623587409e-01
5.299385080659876346e-01 6.394575096032343309e-01
4.929049655683240272e-01 5.430812485615630347e-01
4.493372344021746567e-01 4.414776365850975881e-01
3.974300676707374080e-01 3.332024761564019166e-01
3.356006541733715376e-01 2.169895183149634366e-01
2.625308363361054109e-01 9.178423700160465160e-02
1.772022691016396090e-01 -4.322804382950845570e-02
7.892358199441412703e-02 -1.886004205588346916e-01
2.898020229642339629e-02 -2.583257219072321864e-01
1.266161430777073549e-01 -1.134675422386591803e-01
2.113277955695763433e-01 2.105120679838179409e-02
2.838229850614608640e-01 1.457967854354298431e-01
3.451353835300013384e-01 2.615961312538080952e-01
3.965969387627734100e-01 3.695148024835716027e-01
4.398023476453896130e-01 4.708285566332104377e-01
4.765665212070334666e-01 5.669893225260713709e-01
5.088761759488029668e-01 6.595864733630274479e-01
4.747179720593331376e-01 6.605380149422185321e-01
2.819997453213685668e-01 4.396140065083009585e-01
9.127372256541310680e-02 2.202837612599907458e-01
-9.534022649784373860e-02 4.243174965839424662e-03
-2.758319124792674160e-01 -2.068996008628399552e-01
-4.483544435942437567e-01 -4.116670527983669059e-01
-6.112734873490556220e-01 -6.087517148457622929e-01
-7.632108626861116019e-01 -7.970510421589529493e-01
-9.030812998654142998e-01 -9.756968189459409579e-01
-9.635150288417534403e-01 -1.050829413918535682e+00
-8.548054864130490982e-01 -8.971123529320264023e-01
-7.327766684470127245e-01 -7.327398715156514530e-01
-5.977161011519986911e-01 -5.579419906360943981e-01
-4.502589033535729368e-01 -3.732268053538133623e-01
-2.913708461275782424e-01 -1.793669325294717232e-01
-1.223225930278585560e-01 2.262109699384984296e-02
5.534419200753459833e-02 2.315039520657048433e-01
2.398579650762026338e-01 4.458643975641904955e-01
3.601707073435438389e-01 5.674077102703544151e-01
3.298873457155692690e-01 4.764315939244235243e-01
3.002525458285020821e-01 3.859743269712293534e-01
2.690894311657308080e-01 2.942944081974609993e-01
2.342618895715682381e-01 1.996829478785959733e-01
1.937315492408251405e-01 1.005092485704501826e-01
1.456121477044253210e-01 -4.735699702210049988e-03
8.821984364025753367e-02 -1.173989699970955369e-01
2.011812955512171097e-02 -2.386297683087391652e-01
1.173748247685663104e-02 -2.691349119644040888e-01
1.415788103143496568e-01 -9.851242265087473138e-02
2.582294506604736473e-01 6.155751666957570700e-02
3.615453281043671252e-01 2.109596456682309440e-01
4.517380420583225198e-01 3.498632438749465501e-01
5.293692228189955662e-01 4.787176155270199684e-01
5.953355513419725797e-01 5.982401053889527809e-01
6.508448422929208332e-01 7.093969651932519049e-01
6.973838283067399502e-01 8.133775810478585111e-01
6.626096814871705876e-01 8.078663966860178958e-01
4.740811792139326131e-01 5.902941678238706746e-01
2.822888441746787547e-01 3.701108727489326733e-01
8.938098756302405301e-02 1.490351604160576049e-01
-1.024643253970403262e-01 -7.119051699553434476e-02
-2.910973704449527633e-01 -2.888463800774155876e-01
-4.744541033451542544e-01 -5.022811934411117729e-01
-6.506112136273367597e-01 -7.099563087104090453e-01
-8.178374245691920619e-01 -9.104867045074337417e-01
-8.980833596962731757e-01 -9.954990928036699938e-01
-8.207485224504680321e-01 -8.668817959634909087e-01
-7.308701063093243633e-01 -7.282296360070192875e-01
-6.278780977886171399e-01 -5.790866021469185387e-01
-5.115522590005786574e-01 -4.192765040729364845e-01
-3.820280020046789016e-01 -2.489076714326761697e-01
-2.397927769951572474e-01 -6.837006438150761145e-02
-8.567307066309570729e-02 1.216751277276766352e-01
7.918763847830134761e-02 3.203131220843456473e-01
1.743155802318119285e-01 4.157386227824875213e-01
1.336219421442611799e-01 3.164342852688954988e-01
9.867910791190517839e-02 2.217305908394757163e-01
6.745178090149943351e-02 1.299993021875998911e-01
3.780556167737658679e-02 3.953289976476115353e-02
7.563878308069843515e-03 -5.140987397423552041e-02
-2.543395847042870250e-02 -1.445575704405693551e-01
-6.327512372598836921e-02 -2.415799296885738079e-01
-1.079176076273629103e-01 -3.440433438532083943e-01
-7.960670271252850982e-02 -3.392252743174362095e-01
7.954532155877325206e-02 -1.451542278568544453e-01
2.272939585058293688e-01 3.979410874434174961e-02
3.626656635686028585e-01 2.148408998380956225e-01
4.850170190211048338e-01 3.794714112436484710e-01
5.940518956925605609e-01 5.334487396243534629e-01
6.898293515475210080e-01 6.768201313518731332e-01
7.727620564472679199e-01 8.099157223152055884e-01
8.436052851091320193e-01 9.333397322882537317e-01
8.194179959399728874e-01 9.303280624497781703e-01
6.471110983956546159e-01 7.257331173707722849e-01
4.667924876631887598e-01 5.147288017412591232e-01
2.803044391339657992e-01 2.987889358743295309e-01
8.965378408346831585e-02 7.951898479039651302e-02
-1.030416180418069760e-01 -1.413867639533750165e-01
-2.956093687637038614e-01 -3.621903915744330016e-01
-4.858804744184041513e-01 -5.811567031417390616e-01
-6.717471991861878600e-01 -7.965995099995065720e-01
-7.647130201296892249e-01 -8.858178353519321480e-01
-7.134726790357053261e-01 -7.780761354331993118e-01
-6.524174046973958419e-01 -6.624824889190058519e-01
-5.802083911190236698e-01 -5.379658510127621751e-01
-4.958043332248279755e-01 -4.036931776538652539e-01
-3.984892013309495051e-01 -2.590916450952166494e-01
-2.878913396276284731e-01 -1.038639286890138402e-01
-1.639933792623890496e-01 6.200386664672347115e-02
-2.713270161514275136e-02 2.382418358080664045e-01
3.301380834972683642e-02 2.997122194783432558e-01
-2.907509806437708066e-02 1.832916673035143162e-01
-8.120631913801618085e-02 7.483726340105717467e-02
-1.249566899259467734e-01 -2.691246027283319964e-02
-1.621265858236419222e-01 -1.233978040345351662e-01
-1.946919016009605596e-01 -2.161994836999305003e-01
-2.247513488511199975e-01 -3.069964685436038510e-01
-2.544704775769507932e-01 -3.975211985678143711e-01
-2.860239150128519037e-01 -4.895133755600811765e-01
-2.300561219246860523e-01 -4.565998238886915805e-01
-4.905156579387098814e-02 -2.450467519404882777e-01
1.241123321988469030e-01 -3.976620650277351565e-02
2.877841325401447881e-01 1.579206608138051804e-01
4.405655760827468237e-01 3.468952426914381215e-01
5.813488794647526658e-01 5.262713124405832277e-01
7.093462827405792037e-01 6.954186621047957484e-01
8.241110611064323965e-01 8.539799118410187351e-01
9.255494402803121634e-01 1.001880042223662892e+00
9.199543691473741625e-01 1.007772175217217736e+00
7.733753642477954049e-01 8.237595442540142088e-01
6.152841344084784003e-01 6.305371333390094035e-01
4.469300896040785398e-01 4.291044704519491049e-01
2.698363773269546462e-01 2.206800735867095187e-01
8.575925605200791779e-02 6.668949523200851104e-03
-1.033587490099125983e-01 -2.113748815698760497e-01
-2.954406584052211571e-01 -4.317898361296741427e-01
-4.883304371952021938e-01 -6.528510862051993824e-01
-5.833942856031071322e-01 -7.377778619321906373e-01
-5.489054979536371892e-01 -6.434374047690633036e-01
-5.088585403487442260e-01 -5.446504116416084340e-01
-4.613542571717563767e-01 -4.398975580564669086e-01
-4.046924002011942356e-01 -3.278186454364767632e-01
-3.374169789096927996e-01 -2.072488813597351542e-01
-2.583550957382208524e-01 -7.724994777900628939e-02
-1.666482305017682464e-01 6.286497145369618345e-02
-6.177513948516627496e-02 2.135128713105289844e-01
-4.250946335107208540e-02 2.363086163192226197e-01
-1.336475337521437212e-01 9.664873295482490079e-02
-2.121713804854858387e-01 -3.291977147540003923e-02
-2.789538746485522580e-01 -1.530951938493936015e-01
-3.351810615234155355e-01 -2.648263703928355195e-01
-3.823205254850252643e-01 -3.692873686056636906e-01
-4.220822454873494611e-01 -4.678461716510635693e-01
-4.563729852188589398e-01 -5.620281904798223316e-01
-4.872454344676027116e-01 -6.534755769223579147e-01
-4.154122651668559207e-01 -6.018997526839406920e-01
-2.234156307462502600e-01 -3.815530181039156199e-01
-3.447618870241372924e-02 -1.636520374253060128e-01
1.493338442781236286e-01 5.014541600267516386e-02
3.260790669643423012e-01 2.582910211951905399e-01
4.940125160577714114e-01 4.593872075134851629e-01
6.516222625110601463e-01 6.522244317196566055e-01
7.976717388365340833e-01 8.358134398235761431e-01
9.312327217639975174e-01 1.009411653209097981e+00
9.477914092753800812e-01 1.027056821521146635e+00
8.324409289060518136e-01 8.680270101821324635e-01
7.038700861331215197e-01 6.984209089202477738e-01
5.625409009697874829e-01 5.186081337460402008e-01
4.092556935309932253e-01 3.292305407514534710e-01
2.451356839480782757e-01 1.311851060415810954e-01
7.159108634221961198e-02 -7.439999908665717587e-02
-1.097165054668613193e-01 -2.861954995774622645e-01
-2.969184372408028016e-01 -5.027064720401559494e-01
-3.815826670737649251e-01 -5.733435813102298884e-01
-3.518943884410393741e-01 -4.828435313605088930e-01
-3.217700719967295786e-01 -3.919946511615097773e-01
-2.890458979779698123e-01 -2.990658849029615984e-01
-2.516273919780156465e-01 -2.023816530594578222e-01
-2.075452903425430429e-01 -1.003665447075284267e-01
-1.550080658507441145e-01 8.412661929440290454e-03
-9.244971267627816180e-02 1.252087715125643208e-01
-1.857151607238077817e-02 2.510607558392226046e-01
-4.127035023317293660e-02 2.343149210150659023e-01
-1.645887251339533952e-01 6.891079405090116961e-02
-2.746002859541299412e-01 -8.584788164879142425e-02
-3.713380398041611907e-01 -2.299875117723568507e-01
-4.551890427551812390e-01 -3.638177411767242186e-01
-5.268840759883227642e-01 -4.879231948067778712e-01
-5.874781538496198774e-01 -6.031478841393667079e-01
-6.383223837140081791e-01 -7.105726950744070125e-01
-6.810279282335479634e-01 -8.114865577335901303e-01
-6.060418854650796439e-01 -7.514184631240544698e-01
-4.156250173540678716e-01 -5.323355415916937172e-01
-2.230058920207687589e-01 -3.114908142815139280e-01
-3.035487343122306170e-02 -9.062057236632611867e-02
1.601568237674465267e-01 1.285382124361499900e-01
3.464150465170243720e-01 3.442942176793635234e-01
5.264190936280723765e-01 5.550468824117423816e-01
6.983350799866203662e-01 7.593290985421320416e-01
8.605448513167346380e-01 9.558463426497531001e-01
8.978205109124204331e-01 9.840951170323026798e-01
8.143371203556579729e-01 8.505589775433521904e-01
7.179835494803127327e-01 7.067266937995246856e-01
6.083624949981295549e-01 5.522804231702377331e-01
4.854305339198908276e-01 3.871854272640954941e-01
3.494992817661970452e-01 2.116909984976000358e-01
2.012270809238015656e-01 2.632381078013235065e-02
4.160144084265016140e-02 -1.681261283283291830e-01
-1.280873015589606978e-01 -3.706265492931692385e-01
-1.899242766693350903e-01 -4.170318831882207089e-01
-1.523380563705136470e-01 -3.202134799056122749e-01
-1.195058184939127160e-01 -2.271982625607911199e-01
-8.933597099327074409e-02 -1.363129575167262297e-01
-5.966590854427992335e-02 -4.582748051399315736e-02
-2.831969517988594531e-02 4.599891722106244640e-02
6.833897509385039593e-03 1.408712184160305081e-01
4.782454464867896826e-02 2.404131631710060835e-01
9.652623105780810953e-02 3.461239393418606980e-01
3.576365669215819665e-02 2.929571407568547503e-01
-1.178559110191240156e-01 1.033120595442885703e-01
-2.595478537177218215e-01 -7.679092165814099813e-02
-3.885001755468875384e-01 -2.467022061650139819e-01
-5.042406813971792578e-01 -4.060440378887877899e-01
-6.066495716494468837e-01 -5.547205771341532365e-01
-6.959626375602875337e-01 -6.929204569063660557e-01
-7.727649720604792272e-01 -8.211117515500707675e-01
-8.379753637162321578e-01 -9.400294919182136111e-01
-7.714906917177137835e-01 -8.807925223276855675e-01
-5.949794757607407281e-01 -6.728341225185558994e-01
-4.113494292934599672e-01 -4.591806583011908138e-01
-2.225311528112053350e-01 -2.413766100718359175e-01
-3.059363118157955308e-02 -2.107716572459482351e-02
1.623109518758125147e-01 1.999959277648592493e-01
3.540046184517925409e-01 4.201002880691945829e-01
5.423416891120569350e-01 6.375193716409466305e-01
7.252660140725970539e-01 8.506082586529299938e-01
7.770472298151910318e-01 8.844915063560430113e-01
7.211080075250493326e-01 7.729907014803891752e-01
6.546525856068633464e-01 6.530769369022890736e-01
5.764861948617784337e-01 5.237943972626808442e-01
4.857264298573645833e-01 3.844371582155984290e-01
3.818267851089702791e-01 2.345680153733425977e-01
2.645912318848232525e-01 7.403014575048449952e-02
1.341794468318189826e-01 -9.704870933547027345e-02
-8.897447040017547604e-03 -2.782596514764797968e-01
-3.748443869199707956e-02 -2.920950270078633837e-01
1.946851872907418013e-02 -1.797832340274659879e-01
6.721763587820320240e-02 -7.483451326462225994e-02
1.074566305811049116e-01 2.410610954125039229e-02
1.420795362965251996e-01 1.185538611571270023e-01
1.731301830316816226e-01 2.101438055888034395e-01
2.027476827713775853e-01 3.005872324241006255e-01
2.331093734747736734e-01 3.916260120303579617e-01
2.663727434800599037e-01 4.849861350781382585e-01
1.758243224648456393e-01 4.020206875765286458e-01
-1.499638938716685299e-03 1.934120914101274957e-01
-1.701322136210013936e-01 -8.243395379240736620e-03
-3.285428249313049887e-01 -2.017213114710240396e-01
-4.754735441122845407e-01 -3.860153138593589994e-01
-6.099726427216067837e-01 -5.603640197903571041e-01
-7.314199778487301407e-01 -7.242713149356072577e-01
-8.395435330327818413e-01 -8.775195861263889174e-01
-9.344266736902672177e-01 -1.020175525695917740e+00
-8.852248724762288301e-01 -9.687948811360107548e-01
-7.327801800653092057e-01 -7.800897001637345785e-01
-5.694084368313939715e-01 -5.826428785330511895e-01
-3.964998985730199266e-01 -3.775666208828115100e-01
-2.156991936566602652e-01 -1.661766299061833152e-01
-2.886145625232551526e-02 5.004298706083575021e-02
1.619971551999143389e-01 2.694793032661680354e-01
3.547532344839995355e-01 4.904335937369874721e-01
5.472327646950055913e-01 7.111666449493327935e-01
6.035005660337956490e-01 7.426691895324506465e-01
5.664941528048961228e-01 6.463146319057797573e-01
5.229628206318474026e-01 5.447401391238002599e-01
4.711003517565097720e-01 4.365007369799789316e-01
4.093227427634237858e-01 3.203292227419697324e-01
3.363104543099188493e-01 1.951699649356253286e-01
2.510436068716863645e-01 6.020705994148806139e-02
1.528291837364054162e-01 -8.511390561027715185e-02
4.131951566647512619e-02 -2.410710671097725522e-01
5.277758157899520297e-02 -2.169004249925934880e-01
1.375508037362482838e-01 -8.233242022325054643e-02
2.101033024346510014e-01 4.245900577902284034e-02
2.714672210565405863e-01 1.582995677200749463e-01
3.229731332052676041e-01 2.662537244826078675e-01
3.662145526453924882e-01 3.675962870782482073e-01
4.030054299054557365e-01 4.637784159298392606e-01
4.353317692254453641e-01 5.563889144293822087e-01
4.652986563582976465e-01 6.471118511792044448e-01
3.563305945900021587e-01 5.434407194781668560e-01
1.655896497653940314e-01 3.240985365749399771e-01
-2.104933579696902091e-02 1.080379210815091140e-01
-2.015755049156494616e-01 -1.031324412569865068e-01
-3.741410460458129417e-01 -3.079343012046577566e-01
-5.371104794983214692e-01 -5.050592750102158579e-01
-6.891042801836405607e-01 -6.934037426020115413e-01
-8.290356733424735225e-01 -8.720982841726183654e-01
-9.561396218192768082e-01 -1.040530869997612351e+00
-9.287622279931815328e-01 -1.000639779751096858e+00
-8.067979382383858589e-01 -8.363189209037089622e-01
-6.717996440481460718e-01 -6.615708585079768111e-01
-5.244008032529140495e-01 -4.769023588282507164e-01
-3.655656303866764434e-01 -2.830847934917093411e-01
-1.965633784318893962e-01 -8.113356488433928759e-02
-1.893448434944380865e-02 1.277189774251575871e-01
1.655505186142232632e-01 3.420564068396425572e-01
3.549382259211586454e-01 5.603159997287312510e-01
4.034259725359831683e-01 5.796245289357137009e-01
3.737933009370257298e-01 4.891689646130073510e-01
3.426428761048208038e-01 3.974991977037029556e-01
3.078382474109427336e-01 3.029060677050492423e-01
2.673404319001604912e-01 2.037583882528830326e-01
2.192622995768863103e-01 9.854645535071238083e-02
1.619189083555803432e-01 -1.407768466986197842e-02
9.387244610285760960e-02 -1.352642815155914446e-01
1.397058104402137957e-02 -2.659352006062008500e-01
6.758317766862487197e-02 -2.020709623224135609e-01
1.842987681941442579e-01 -4.194906285845773075e-02
2.876794347107063943e-01 1.075048973983432909e-01
3.779350485276701810e-01 2.464588154954547305e-01
4.556255622293219343e-01 3.753606535003273792e-01
5.216460741983530713e-01 4.949264901190927324e-01
5.772029538788803205e-01 6.061214209070657777e-01
6.237816645833536011e-01 7.101338165141739545e-01
6.631071420983212228e-01 8.083436255696994088e-01
5.484043176883625081e-01 6.941147121583900459e-01
3.566227318036685467e-01 4.739400164070835531e-01
1.637150308621186379e-01 2.528644286103031713e-01
-2.814072406455822573e-02 3.263039762542128963e-02
-2.167945301997419305e-01 -1.850420743262769785e-01
-4.001817895525986435e-01 -3.985013088521027758e-01
-5.763783774282716932e-01 -6.062080061961925281e-01
-7.436519641284258242e-01 -8.067763025998562210e-01
-9.005082209516941383e-01 -9.990107351020114379e-01
-8.945497216755068370e-01 -9.702847888984811320e-01
-8.047341245168844193e-01 -8.316828841280428097e-01
-7.018068742046479347e-01 -6.825916568347021318e-01
-5.855460055714948320e-01 -5.228335348846393504e-01
-4.560851977440057992e-01 -3.525154615791076806e-01
-3.139102085525148356e-01 -1.720260431823635583e-01
-1.598459180330520368e-01 1.797481627674712978e-02
4.965673393363512211e-03 2.165735164614308594e-01
1.790959052145250641e-01 4.226271289619004112e-01
2.071991185923480749e-01 4.196580599823404034e-01
1.722330803075666494e-01 3.249358023109640281e-01
1.409927582458124495e-01 2.331941176180201969e-01
1.113440995851361637e-01 1.427257636459387524e-01
8.111059746056079045e-02 5.178953490272718285e-02
4.813134439178581858e-02 -4.134329459583324651e-02
1.031866963226249490e-02 -1.383428614470031404e-01
-3.428617690670732188e-02 -2.407761657217195039e-01
-8.746077940086827152e-02 -3.500652747605885740e-01
5.401789656493238834e-03 -2.488310869336429199e-01
1.532086450004991884e-01 -6.383617561489779435e-02
2.886425317888550723e-01 1.112603608593382698e-01
4.110583737377313529e-01 2.759424614619797045e-01
5.201583216441002522e-01 4.299718468306152896e-01
6.159996978435886561e-01 5.733943748337573254e-01
6.989934672659863235e-01 7.065388174152158474e-01
7.698932758697426548e-01 8.300080913417722250e-01
8.297753488301229385e-01 9.446631767536168844e-01
7.213663637791443151e-01 8.294993632325393662e-01
5.410824998550247678e-01 6.185228450496924602e-01
3.546197749283266365e-01 4.026032380647935893e-01
1.639843448242577217e-01 1.833454669379871171e-01
-2.870633710178776069e-02 -3.755650564638970262e-02
-2.212799982724475145e-01 -2.583648616264579423e-01
-4.115674873759394004e-01 -4.773442799528027081e-01
-5.974606316008674867e-01 -6.928082223762856984e-01
-7.769684674067921515e-01 -9.031639180645767429e-01
-7.871394359622490011e-01 -8.813715745293987380e-01
-7.261354908939315900e-01 -7.658189914312043545e-01
-6.539836382198749298e-01 -6.413480822484076693e-01
-5.696410482257052710e-01 -5.071245832095315764e-01
-4.723900517095036000e-01 -3.625743589530189270e-01
-3.618572821945174045e-01 -2.073987162974895437e-01
-2.380236346404605574e-01 -4.158237121070362807e-02
-1.012247750275672709e-01 1.346061435231621917e-01
4.785781277877981799e-02 3.206216408117805172e-01
4.459660687437888571e-02 2.865910648094781576e-01
-7.579537880708087094e-03 1.781007219618681581e-01
-5.136656536176067989e-02 7.632167293348562920e-02
-8.856387322938744089e-02 -2.018560040416704504e-02
-1.211466251007461692e-01 -1.130012289447944740e-01
-1.512130675004681735e-01 -2.038038099081233567e-01
-1.809285638514541439e-01 -2.943256340324525433e-01
