0.0000 -0.0175
0.4000 0.0911
0.8000 0.1418
1.2000 0.1647
1.6000 0.1791
2.0000 0.1616
2.4000 0.1859
2.8000 0.1529
3.2000 0.1406
3.6000 0.1495
4.0000 0.1268
4.4000 0.1256
4.8000 0.1150
5.2000 0.1043
5.6000 0.0789
6.0000 0.0787
6.4000 0.0661
6.8000 0.0642
7.2000 0.0540
7.6000 0.0506
8.0000 0.0354
8.4000 0.0302
8.8000 0.0361
9.2000 0.0040
9.6000 0.0152
10.0000 0.0054
10.4000 0.0109
10.8000 0.0180
11.2000 0.0178
11.6000 -0.0004
12.0000 0.0032
12.4000 0.0075
12.8000 0.0027
13.2000 0.0072
13.6000 0.0074
14.0000 -0.0052
14.4000 0.0011
14.8000 -0.0169
15.2000 0.0122
15.6000 -0.0041
16.0000 -0.0095
16.4000 -0.0012
16.8000 -0.0119
17.2000 0.0006
17.6000 -0.0044
18.0000 0.0202
18.4000 0.0107
18.8000 -0.0221
19.2000 0.0043
19.6000 -0.0123
20.0000 -0.0021
